-57123081293
-2557817354638591487630373360
717385
-763931
-1779605764223276
479116
244164982954
-604683350622299268254037885628451
63838598792
267083551174
118289552819
108367040
142242042528
-458507
27114
14056324146
0
14
897621
-216788
-1
-39766333940
564881000960
825380
841382
1051823
-142985337090
69570
0
1033114
-174561517728
288102614122
-1
152882069647
113557391799742784977297
-553504
-1
493720331145
0
283899
2036872
657284783930851291
256413
3
0
-7878240516205118191339887032
-5
987426
0
1
1494230
-2459922120056401086083691504494759760
1112038
8995
87216383532
0
630852
121603563127
-305572
-4
78262810275
-4549247865798790013944
2
-1
-1
0
1770744
519096
-3
1825671
-1425592
-277519328395
112853682352607050
236994011904
-80405357936
763099536992
-269928
678126
1405753
0
0
520652
73688934826729013
-295860871586795830502889
41665840407980227937904391371
-433605
-856575
618476900505
4
-772812
1098882
4
0
276370014073
1
57342192772820060
-40038715070698125899440
-1
30558684288
1896632
192373
31626291928336332
-680415
256824739062
937315
45642736565009765626658120278878318
0
291954285735
526778
-83880
839284
132602965990408583683236302258809743022104018
-126179908574
0
679102637225
0
-2
678131
725879
629846
920548
3041
76308822109225826
47979590334003664
-332356
963833
255377
102894588267332589
67189074155
0
238878767855
-142377
761698695540
0
0
0
1201169
0
1331394
54996886596
964902
646919115994
1323786
796354
429423040445
-2
-163505244840
0
-16245001406951477008542312531214167542527
65931768222805203364150
0
-37901483634
1080048
-406154848783476818
2
0
238199
441207144477
-547940
485188676875
-52265769160
205688
-53536
186306960060
-252765047125
416947614798
-3811270401
20505874654080848
0
-707926
-746926
675682
1611834
94661963046
896085
-545795
