11111
10001
10001
10101
10001
10001
11111

00100
01100
10100
00100
00100
00100
11111

11111
00001
00001
11111
10000
10000
11111

11111
00001
00001
11111
00001
00001
11111

10001
10001
10001
11111
00001
00001
00001

11111
10000
10000
11111
00001
00001
11111

11111
10000
10000
11111
10001
10001
11111

11111
00001
00001
00010
00010
00100
01000

11111
10001
10001
11111
10001
10001
11111

11111
10001
10001
11111
00001
00001
11111

001
010
010
100
010
010
001

100
010
010
001
010
010
100

00000
00100
00100
11111
00100
00100
00000

00000
00000
00000
11111
00000
00000
00000

00000
10001
01010
00100
01010
10001
00000

00000
00100
00000
11111
00000
00100
00000